[[2.68269580e+00 1.59985872e-01]
 [2.02358965e+00 1.15139540e+00]
 [8.28642773e+00 4.94171336e-01]
 [1.04811313e+02 2.81176870e-01]
 [6.55128557e-01 1.15139540e+00]
 [4.49843267e+01 1.20679264e-01]
 [2.12095089e-01 1.15139540e+00]
 [1.93069773e+01 3.72759372e-01]
 [1.09854114e+01 2.12095089e-01]
 [1.09854114e+01 2.81176870e-01]
 [1.45634848e+01 1.59985872e-01]
 [2.02358965e+00 8.68511374e-01]
 [7.54312006e+02 1.26485522e-02]
 [1.93069773e+01 3.72759372e-01]
 [1.84206997e+02 1.59985872e-01]
 [1.45634848e+01 2.94705170e-02]
 [6.25055193e+00 3.72759372e-01]
 [6.25055193e+00 6.55128557e-01]
 [1.93069773e+01 1.59985872e-01]
 [2.68269580e+00 2.81176870e-01]]
[[0.86535948 0.0899827 ]
 [0.86535948 0.05620155]
 [0.86470588 0.04605873]
 [0.86601307 0.102554  ]
 [0.86535948 0.05620155]
 [0.86535948 0.02625792]
 [0.86405229 0.09295303]
 [0.87777778 0.1237281 ]
 [0.87647059 0.02171666]
 [0.87647059 0.04130595]
 [0.8745098  0.08789817]
 [0.86666667 0.07535922]
 [0.86535948 0.07501833]
 [0.86601307 0.08254465]
 [0.86535948 0.10863052]
 [0.85555556 0.08314794]
 [0.86535948 0.07501833]
 [0.86535948 0.0899827 ]
 [0.86535948 0.07501833]
 [0.86601307 0.07469304]]